-0.752759 -1.429766 -0.410228
2.704286 -1.518127 0.507464
1.391964 2.437527 0.161185
0.591951 -1.502723 0.671592
-2.063888 -1.368302 -0.725669
-2.064033 1.556390 -0.935859
-2.651498 -0.301561 0.368729
2.197057 1.660263 0.545694
0.606690 -2.607803 -0.329726
1.248435 -0.074573 1.961516
-2.876493 -2.798318 -1.213325
2.819459 -2.624081 -0.594058
1.994656 2.438625 0.054007
-1.725965 -2.164528 -1.486619
-1.909050 0.194524 -0.093909
-1.899573 -0.533426 -0.007765
-1.174547 -0.915940 -0.413691
0.148539 2.399000 -0.663968
-0.408330 -2.869060 -1.506848
-1.252625 0.982738 -0.445203
0.671117 2.780367 -0.216072
-2.163037 0.361009 0.157412
-1.247132 2.620935 -1.717726
-0.801829 -2.686453 -1.564614
-0.263580 -0.487240 0.512723
1.711056 -1.439053 1.088463
-1.801957 1.384926 -0.866619
0.085407 2.887783 -0.749602
0.554487 -1.460820 0.516584
-2.721298 0.925048 0.283136
0.645269 -1.811414 0.452406
-1.976855 0.391982 0.188431
-2.609690 -0.216405 0.428533
2.693313 2.832032 -0.447820
2.793792 0.651164 1.364375
1.850384 -0.902962 1.518692
-1.172317 -2.315425 -1.752855
-2.413967 -2.092519 -1.351474
1.105398 -1.648098 0.887689
-0.359085 -1.494200 -0.463211
-2.267771 2.103696 -1.312053
-0.028939 0.367337 0.948084
-2.793669 0.140345 0.667739
2.455922 -2.311387 0.001013
-1.447320 2.160838 -1.526553
0.975134 1.336886 1.187447
-1.129734 -2.593990 -1.853305
0.120408 1.247011 0.370576
0.280262 0.261229 1.165414
-1.890873 -2.509648 -1.673072
2.817508 -0.250196 1.377345
1.650797 -0.091822 2.037711
2.636994 -2.005353 0.180798
2.368964 2.674189 -0.312525
0.587400 2.099852 0.216202
2.531245 1.014134 1.253831
-2.469045 -0.226227 0.425101
-1.824103 -0.529407 0.073198
-2.728636 0.905841 0.050043
-1.048018 0.272591 0.044196
-0.667936 -2.626361 -1.563076
-1.371906 0.075016 0.089049
1.972425 1.838422 0.550969
-0.859480 -0.244561 0.288490
-1.314393 -2.688261 -1.729247
0.256176 1.717669 0.176559
-2.154455 -1.791817 -1.025303
1.813182 -1.448275 0.994196
-2.552696 -2.011762 -1.066942
2.921322 -1.018710 0.867921
1.633469 1.540509 1.106254
-1.807706 0.116315 0.017273
-2.966867 -1.770712 -0.414216
1.892769 2.266980 0.104738
1.241144 2.277491 0.189746
1.374043 2.223471 0.564535
1.627622 -1.567223 0.873914
-2.555732 -0.292564 0.423539
-0.849206 2.909938 -1.623299
-2.304786 1.632075 -0.929241
2.178621 -2.836995 -0.114604
0.739789 -2.608772 -0.093454
-1.014612 -0.216412 0.128648
-2.618650 2.455321 -0.986205
-1.134106 0.232211 -0.099856
-1.048900 -0.013125 0.238911
1.377637 -2.367158 0.249306
0.825345 0.940681 1.401212
2.323276 1.932619 0.420147
-0.166710 -0.717480 0.514210
-2.282435 1.653671 -0.817173
1.279469 2.786860 -0.165666
1.564710 -1.777401 0.855168
0.367663 0.139978 1.379471
1.625803 -1.277172 1.351777
-0.037226 1.757127 -0.116660
0.136397 0.465560 1.066307
-0.434754 0.807495 0.284933
-2.847485 1.787485 -0.592989
-2.352651 -0.624177 0.030615
-2.811425 2.490540 -1.000975
0.818462 0.198173 1.854157
-1.113864 -2.052271 -1.384308
0.051424 1.175395 0.441181
2.445399 1.759568 0.363188
-1.504247 -1.099430 -0.426407
-0.537702 2.143076 -0.987172
1.533307 2.436860 0.431635
-1.627211 -1.338573 -0.856100
-2.538121 2.901129 -1.576533
-1.261491 -2.155731 -1.481546
-2.032672 -1.787906 -1.045977
2.578186 -1.894651 0.194280
1.848722 2.363938 0.161769
0.800423 0.925755 1.407022
2.228764 -2.087374 0.369443
1.822032 -0.358059 1.813557
-1.880580 0.691788 -0.046749
2.355354 -2.499215 0.024047
0.236053 2.294498 -0.414866
1.844641 1.821621 0.722495
2.376548 0.031241 1.747487
-1.091979 2.802760 -1.916854
-2.339688 -0.493434 0.165033
-1.632389 2.904662 -2.185405
-0.437353 1.007520 0.198061
1.908089 0.808028 1.478431
2.164383 -2.004271 0.559255
-2.958287 2.291567 -0.875256
0.064484 -0.435062 0.950116
-0.495534 -2.026600 -0.978459
-1.667353 -2.924355 -2.000642
-2.280808 0.358534 0.319911
-0.974309 0.164398 -0.089578
2.657458 1.316122 0.845069
-1.060782 2.341548 -1.535610
0.112744 -2.523560 -0.823217
1.218114 1.388979 1.011736
-0.818222 -1.875528 -0.862330
2.830692 2.149062 -0.335208
2.774684 1.914381 -0.093468
-1.489306 0.244763 0.087245
-0.016509 1.261457 0.321777
-1.194730 -1.113899 -0.582744
-1.290957 -0.172993 0.045637
-2.778678 1.929821 -0.808937
0.657386 -0.244409 1.691412
0.016074 -0.853210 0.779778
-2.691127 -0.034725 0.617213
-1.328121 1.969496 -1.322752
2.449595 -0.988752 1.363928
-1.562629 -1.957430 -1.377071
-2.130631 1.272084 -0.671241
-0.063283 1.955869 -0.393921
2.913903 -2.396175 -0.300472
-1.547668 -1.560755 -1.091168
1.032813 -2.148168 0.276774
1.569718 -0.912352 1.653532
-1.574175 -0.297894 -0.049428
1.369298 1.492958 0.959297
-0.793301 0.906886 0.015715
0.793835 0.725571 1.693172
0.801178 -0.885750 1.370498
0.214648 2.048685 -0.337309
-2.458261 -0.172277 0.198921
2.011815 2.874630 -0.034462
-1.075320 0.804853 -0.076137
-1.880889 -2.242412 -1.527040
-2.755349 1.057065 0.114478
0.545358 -1.049376 0.957909
1.065386 1.117963 1.203274
-2.900473 -2.582153 -1.002868
0.072558 -1.950711 -0.206970
-1.641025 2.134424 -1.686364
0.871037 -1.636923 0.857903
-1.953801 2.022247 -1.306410
1.145626 -1.324343 1.294894
-0.679588 0.857291 -0.108198
2.620380 1.164903 0.756189
-2.174874 0.075929 0.159196
-0.953602 -1.168136 -0.373360
-2.319159 -1.724134 -0.705905
2.548162 -2.800864 -0.312695
2.264036 -1.176322 1.129235
-1.452350 0.918977 -0.488996
0.959904 2.629829 0.070255
1.903333 2.227227 0.238454
0.331205 1.596389 0.462440
0.177903 1.730684 -0.010679
-1.548886 0.989909 -0.291936
-2.441383 -1.438279 -0.444355
2.383295 2.443170 -0.091870
2.402508 1.024394 1.141289
0.798609 0.362644 1.617258
-0.965821 -2.334063 -1.470970
-0.904743 -0.317667 0.171416
1.355734 -0.237850 1.889429
2.382662 2.187382 0.093330
2.322519 0.279889 1.699458
1.679253 -0.717597 1.534639
0.852190 2.860802 -0.162296
-2.495160 -2.335676 -1.392765
-2.030228 -0.464709 -0.117686
2.391325 -2.747852 -0.410380
0.638574 1.439425 0.547656
-2.944818 2.508459 -1.137230
-2.391171 -1.319776 -0.504457
0.981011 2.150050 0.478986
-2.969630 -1.246691 0.094757
-2.035152 2.464621 -1.655809
0.292403 1.523771 0.375310
1.151371 1.829441 0.670659
0.911768 -2.891961 -0.186160
-1.654384 2.776862 -2.050258
1.273075 1.360026 1.310314
-1.576505 -1.171493 -0.430488
-1.047602 1.976368 -1.429037
1.478948 -1.310873 1.150389
0.897797 2.236523 0.136344
2.095340 -2.324518 0.084742
0.945677 1.222116 1.203148
0.409852 0.244191 1.295979
-2.437951 -2.420793 -1.181771
-0.793705 -1.548637 -0.571744
-1.408786 -2.925576 -1.942407
-1.536062 -0.187392 0.085795
2.838063 -1.192408 0.778903
-0.641414 0.590145 0.176137
2.352279 -1.216573 0.975110
0.786832 -1.200485 1.077839
1.768868 1.459159 1.178017
0.015823 -2.711143 -0.879050
0.461423 2.417370 -0.461491
-0.044894 2.113583 -0.641686
-1.828542 1.006828 -0.439820
1.334713 0.559329 1.812306
-1.315366 2.353815 -1.475723
-2.854104 -1.888019 -0.734072
0.872834 -2.526185 0.000174
-1.937336 -1.562939 -0.776805
2.642752 1.767470 0.510145
2.723571 -2.791978 -0.573992
2.489186 0.496841 1.535336
-0.779048 2.972625 -1.631385
-2.907260 2.134177 -0.746693
2.569911 0.128674 1.522895
-0.430895 -2.618155 -1.240192
2.799929 1.988241 -0.323595
2.781720 0.593871 1.249143
2.118057 -2.310402 0.192574
-1.233307 -2.436856 -1.727619
-0.689414 2.457761 -1.206556
2.106820 1.015202 1.319702
-1.098468 1.975721 -1.324768
-1.983044 2.273873 -1.363636
0.340808 0.430634 1.159743
2.616929 0.104678 1.440437
1.176179 -0.417436 1.822573
0.420367 -1.098320 0.947261
-2.416941 -0.392424 0.281890
0.690043 1.643278 0.434890
2.940323 0.611541 0.965461
-2.159496 2.355140 -1.598759
0.109978 -0.339720 1.044882
2.264238 0.642537 1.612213
1.444612 0.787845 1.739244
1.182094 0.550183 1.600230
1.214905 1.215803 1.391315
-0.843053 -1.575399 -0.726023
-1.238449 0.074183 0.190424
1.856167 -2.374651 0.283941
1.860680 -0.692932 1.837786
2.202434 -0.073998 1.850980
2.479443 0.913346 1.360537
0.068054 2.703186 -0.785202
0.009098 0.603906 0.822430
1.789771 1.461563 1.312380
0.899784 0.037596 1.871389
1.211801 0.804624 1.687007
1.774756 -2.574407 0.008226
2.340032 -1.473651 0.686605
-0.972029 -0.828881 -0.121059
-0.746502 -0.165040 0.321889
-2.436108 -2.726108 -1.624735
0.469681 -2.159855 -0.088879
-2.784346 -1.339114 0.038782
-0.206412 2.829196 -1.087009
0.255868 -1.011918 0.669220
-1.280752 -0.107754 0.024818
0.545000 -1.823414 0.187982
-2.816999 0.664680 0.429420
-2.775911 -1.315901 -0.146803
1.935603 -1.758045 0.700272
-0.838856 0.099436 0.125668
-2.237637 -2.966965 -1.783336
0.133460 -2.954016 -0.905456
1.619961 -1.685587 0.591308
-1.705074 -2.779672 -1.720920
0.737343 -2.351845 0.077175
-2.487915 -0.966836 -0.077833
-2.689910 1.815514 -0.676881
0.188128 0.432292 0.977863
0.243811 0.076006 1.408088
0.824579 -1.239067 1.249670
1.356548 2.590522 0.140841
2.855112 -0.617910 1.200022
0.097802 -2.477443 -0.672267
-1.062261 0.702399 -0.243837
1.771117 -2.316970 0.259987
-1.375006 -0.928661 -0.368795
-0.366171 0.044472 0.595513
-2.529262 2.245335 -1.221179
-2.847896 -0.038721 0.700617
2.775890 1.213553 0.699211
2.015881 2.956901 -0.075193
1.175845 -2.211065 0.219544
-0.546282 -1.351611 -0.373781
-1.960234 -0.632544 -0.247055
-2.061378 -0.469031 0.107729
-1.498543 -0.533874 -0.347113
0.295360 2.445666 -0.361017
1.287576 1.284196 1.381488
0.961184 0.647431 1.587288
-1.320397 -1.143764 -0.814955
2.729192 1.942742 0.001250
1.427382 2.730363 0.066685
0.326124 1.927190 -0.129582
0.670324 -2.990609 -0.418905
-0.482400 0.818408 0.372497
-1.513614 -2.693188 -1.833013
-0.864164 -1.454357 -0.736832
1.547077 -2.642852 -0.038227
-2.913639 0.622773 0.553578
-2.303564 1.119539 -0.328575
-2.723984 -2.313074 -1.031924
-2.755627 -0.696967 0.336807
2.132764 -0.262581 1.863082
1.221947 -0.785682 1.840188
-0.154957 -2.273850 -0.719338
-2.412995 -0.486313 0.213429
-0.050305 1.507068 -0.004914
-0.159169 -2.573954 -1.037338
-1.960789 -2.518920 -1.619170
-0.396890 -0.871372 0.194494
-0.608972 2.650354 -1.449251
0.695101 1.011436 1.176227
0.810562 1.072020 1.152848
-2.728176 -0.828480 0.137010
-0.752324 0.561965 0.195170
0.755159 -2.939213 -0.300287
0.018818 0.816576 0.753561
2.138939 2.479722 0.000698
0.952162 0.675441 1.717185
-2.022393 2.242192 -1.609508
-2.576588 1.343838 -0.139202
0.854516 -2.276650 -0.069194
-2.840932 2.414720 -0.999930
0.514653 -2.601337 -0.317801
2.641381 0.203805 1.379359
0.452845 -2.147177 -0.065028
-0.670980 -2.929760 -1.471450
0.859729 -0.467794 1.428549
-0.250483 -1.229756 0.136871
0.273701 -0.083997 1.017444
2.648789 0.463199 1.271159
-0.683384 -2.737566 -1.387990
2.767143 -2.261980 -0.329868
2.432104 0.351854 1.472793
-1.825253 -0.940996 -0.398610
-2.583832 1.375041 -0.127989
-2.395332 0.913750 -0.251285
-2.890669 2.073626 -0.835337
-2.433342 1.154957 -0.096805
1.098041 -0.420414 1.989007
-2.572868 1.037800 -0.040784
-1.086146 -1.347713 -0.787506
2.069252 -1.162119 1.485302
-2.860368 1.733911 -0.280480
1.886811 -0.321483 1.967144
-1.308871 1.790282 -1.264861
-2.291011 1.934534 -1.112337
1.180423 2.145374 0.365251
0.773657 2.499811 -0.069190
2.264832 -0.414089 1.829254
1.410426 -1.086799 1.540431
1.820886 0.493192 1.741979
-1.307793 -0.772965 -0.112121
-1.935363 0.606445 -0.081286
1.503689 1.233515 1.397378
1.841008 1.130430 1.536639
2.943031 -0.752683 0.815959
-0.524294 -1.998839 -0.919275
-0.767891 -0.416824 0.166614
1.658478 -2.144435 0.296681
-0.955179 2.340582 -1.477727
2.584544 -0.924735 1.381885
2.150477 -2.073242 0.171060
-0.426036 -2.847313 -1.373504
1.505226 0.874934 1.702953
1.527257 0.821414 1.692547
-2.381257 -0.956375 -0.123992
2.415317 -2.569729 -0.306726
0.031514 -0.542227 0.911349
1.958745 -1.132695 1.274232
-1.079702 1.062724 -0.614316
2.373139 0.634675 1.619747
-0.664790 -0.812438 0.166676
-2.934974 -1.692645 -0.321533
2.432292 2.928216 -0.303111
-2.452280 -0.275990 0.433581
-1.084118 1.129645 -0.434477
2.700372 -2.156682 -0.035492
2.703643 -0.086462 1.390600
0.440627 -2.834780 -0.395596
0.791023 0.032731 1.742616
-0.309327 2.784104 -1.221791
-1.240735 -0.694760 -0.304821
-1.028013 -2.766024 -1.757878
1.035111 -2.814265 -0.170182
1.514247 -0.672079 1.717102
1.749474 -2.039850 0.450499
1.737709 -2.859887 -0.081104
-2.452763 1.537282 -0.389648
-0.033478 -0.248862 1.068855
-2.654647 -1.264531 0.025608
0.297173 2.400499 -0.567202
-0.350817 -2.303166 -1.005174
2.326225 2.735513 -0.320050
-0.894510 -1.116200 -0.410372
-2.297598 2.330422 -1.527766
-2.142050 0.617657 0.097972
1.569064 1.960244 0.580698
0.709308 2.904079 -0.213779
-2.393264 -1.269567 -0.323309
-2.495359 2.766813 -1.302408
1.205815 -0.663109 1.574268
-2.563422 -0.686929 0.352628
1.931160 -0.957677 1.625834
1.237453 0.248446 1.816912
-2.511907 -2.075130 -0.971401
-2.490974 0.322269 0.376455
2.919837 0.250229 1.166050
-0.754375 1.571411 -0.767842
-0.776147 2.001900 -1.190320
1.876797 -0.357352 2.095353
2.683491 -1.186001 0.817684
2.916006 -1.443991 0.428357
1.520269 -1.832257 0.661142
-0.742442 -2.654115 -1.637592
-2.498996 -0.945312 0.094412
1.662881 -1.378514 1.051905
0.350425 2.798504 -0.639944
-0.454668 0.346253 0.504890
2.438126 -0.916338 1.266732
-2.332815 0.482806 0.144343
-0.044249 -2.164820 -0.564353
-2.931878 -0.335738 0.805272
-0.188036 0.757406 0.613154
-2.662180 -0.066613 0.437944
-2.287093 -0.589327 0.048656
-2.294843 2.963090 -1.613766
0.895262 2.281889 0.217176
1.476269 0.740436 1.596424
0.500213 0.416264 1.429366
2.773035 0.723963 0.911634
-0.750777 -1.792127 -0.897042
-1.285727 -0.629174 0.038649
2.211595 -2.763243 -0.222446
-1.658425 -0.146724 -0.090340
2.779335 0.258148 1.397654
-2.927073 -1.633502 -0.429822
2.819273 2.784173 -0.683311
-2.741041 2.456728 -1.104787
2.346859 1.332859 0.885947
0.166207 0.200320 1.121848
2.957789 2.219815 -0.347216
-2.557221 -2.216086 -1.110951
0.323126 1.743059 0.172802
2.815815 -2.251075 -0.342877
0.138587 1.765264 -0.018094
0.776392 -1.345395 0.911834
1.174492 2.262543 0.330391
-0.272754 2.664253 -1.207298
0.765348 -2.107224 0.163463
0.505886 -0.223946 1.360615
2.406948 2.885924 -0.300672
-2.727322 -0.099555 0.511426
-1.314221 2.181285 -1.651937
2.702469 0.532389 1.312609
2.341583 -0.748021 1.471674
-0.266059 -1.285299 0.096991
0.720796 -1.780661 0.408542
-1.335713 1.570789 -0.931682
-1.871273 -0.680757 -0.123019
-0.217810 0.067653 0.826098
-0.879887 -0.046047 0.145708
0.501937 0.463674 1.390476
-2.533592 2.193463 -1.118017
2.846369 2.884436 -0.675445
2.917264 -0.554495 0.863970
1.188970 1.965114 0.559857
0.216578 1.587167 0.419772
-1.142834 0.441174 -0.041566
1.882770 2.736283 -0.040058
1.108387 -1.797153 0.707887
-2.024298 -2.344415 -1.566409
2.465563 2.123772 0.219753
1.935223 -0.365101 1.742629
2.698799 2.081813 0.012539
1.354317 2.358541 0.326938
0.680491 -2.625254 -0.254673
-0.490542 2.300789 -1.104099
2.596371 -0.310086 1.573861
2.196383 0.062595 1.895893
-2.728688 0.759555 0.209569
-2.841798 2.558296 -1.047959
-0.741220 -2.885303 -1.648994
1.863320 -0.138939 1.955170
2.923657 1.126332 0.653509
-2.097499 1.336242 -0.647084
0.564784 1.155195 1.058145
-0.714655 -2.193389 -1.246872
2.819486 -1.203626 0.563586
2.052714 -0.847707 1.508459
2.029972 1.826623 0.661242
-0.187841 -1.327441 0.177144
-0.511083 -1.735770 -0.593039
-1.359558 2.744688 -1.985087
-2.661747 -2.946820 -1.194215
2.188334 2.986925 -0.146279
1.877406 1.060928 1.568964
2.998306 1.970816 -0.261811
2.979821 -1.232284 0.546487
0.332590 -2.914108 -0.563798
1.613924 1.427217 1.263976
2.668594 2.004868 0.140726
2.097884 1.442857 1.079086
-1.515911 -2.142898 -1.571403
-0.296735 1.520568 -0.299367
-2.225044 1.613537 -0.802973
2.724306 0.951243 1.079266
0.637048 1.596696 0.546656
-1.628143 2.075529 -1.375412
1.030204 0.681625 1.779216
0.708769 -2.468372 -0.222549
-0.851024 -0.074233 0.161598
-2.318654 -2.534104 -1.568269
1.029439 -0.554742 1.737808
0.121846 -0.557361 0.917742
1.633910 -2.603941 0.274316
0.120981 -0.907077 0.779144
2.113089 -2.334011 0.169224
0.311441 1.849411 -0.112185
0.365628 2.686128 -0.672103
2.259922 -2.566101 -0.039021
-0.579103 2.730691 -1.677294
-2.195909 0.135460 0.281206
-2.827304 -1.202606 0.034972
1.530824 -2.538828 0.499739
0.721857 0.003746 1.891564
1.224479 1.767093 0.727445
-1.722215 1.242519 -0.676779
-2.181771 -2.698644 -1.623023
-2.912732 -2.562589 -0.893559
-0.896475 -0.582760 -0.109987
0.539506 -1.228257 0.670955
-0.646536 -1.605694 -0.699519
-0.375150 -1.313973 -0.054129
2.424952 1.820896 0.459042
-0.910467 2.575368 -1.526746
0.083937 -0.569384 0.806102
1.701918 2.436666 -0.001858
-0.620743 -1.071026 -0.016614
0.732520 -0.141378 1.575949
2.174182 -1.643826 0.548605
2.697124 0.842856 1.109818
-2.117559 2.873887 -1.739275
2.559526 0.620959 1.350867
-0.047302 -0.853115 0.564570
-1.450534 0.886905 -0.376899
-0.245185 -2.262476 -0.917626
2.880195 2.331954 -0.566135
-0.044291 0.018504 0.884084
-1.027490 -0.303902 0.150300
0.800405 0.515189 1.620006
-1.559126 0.748703 -0.250554
-2.544820 -2.569345 -1.502177
-2.226722 1.095703 -0.353213
-2.231725 -1.548410 -0.984744
-2.088584 1.283716 -0.567915
-2.167037 1.935209 -1.040967
0.845248 1.823751 0.350457
-1.908719 0.315006 -0.051243
-0.925996 0.121019 0.226377
2.380730 -2.142744 0.273559
-0.156230 1.652077 -0.281609
1.005346 -1.371544 0.973059
-1.966081 -0.019827 -0.119976
-1.846266 -1.294355 -0.679020
-2.754788 -2.197030 -0.759120
-1.986390 0.777346 -0.174364
-1.328458 -2.674008 -1.865667
-1.937937 1.491871 -0.822306
-2.467785 -1.094479 -0.166566
-2.276185 -2.999192 -1.832539
-0.235327 0.066775 0.846938
-1.761998 -2.718889 -1.871183
-0.814381 -1.342983 -0.499691
0.020504 1.241859 0.246003
1.142369 -2.623862 0.171026
-2.764127 2.036031 -0.750728
1.796462 -2.977080 -0.067145
0.767402 -1.519057 0.846167
-2.509446 1.445424 -0.515591
2.241472 -1.102379 1.156676
2.525234 -2.388646 -0.227580
-2.633532 -0.838596 0.004917
-1.338734 -1.377640 -0.734083
1.837208 2.056271 0.314979
1.489558 -1.119912 1.309619
-1.892874 1.733595 -1.318219
-1.743904 2.351233 -1.697251
-0.777167 -0.397095 0.205893
-0.092862 2.459659 -0.901754
0.709529 -0.736092 1.288317
-0.786518 2.784470 -1.762028
-0.224792 -2.464263 -0.955715
1.484826 1.122116 1.375029
-2.779901 -0.037116 0.677090
-1.485378 -0.674107 -0.303614
1.280098 0.796271 1.675527
2.371241 1.223143 1.167408
0.070065 -2.973820 -0.857335
0.192681 -1.998281 -0.264334
-2.356968 1.278276 -0.392474
-0.315526 0.998312 0.207339
0.195704 2.796285 -0.745727
-1.545177 1.566227 -1.027663
-1.384541 2.704636 -1.905182
-0.736295 1.215243 -0.302229
-2.879573 -1.211687 -0.006927
-1.067525 -2.367810 -1.692870
-1.731312 1.690943 -1.245857
-1.035016 0.864895 -0.371178
-2.281427 -2.710884 -1.788349
2.343164 -0.839697 1.399895
0.561555 2.740799 -0.477528
1.074614 0.002407 1.930765
1.735027 -0.403625 1.909659
-0.009347 -0.253802 0.761768
-2.478478 -1.746704 -0.725078
0.222639 -0.787757 1.007321
0.521047 -0.781120 1.108527
1.472637 -2.685870 0.139262
-0.410043 1.605406 -0.518901
-2.234518 -0.500973 0.099178
-1.297345 1.933079 -1.443704
-0.821506 2.102088 -1.418131
0.875503 -1.728036 0.572992
0.424670 0.944121 0.986102
-0.863420 -0.166309 0.186365
2.919091 2.280940 -0.549676
0.634649 -1.705556 0.418553
-1.576639 1.066879 -0.490194
-2.389305 0.646513 0.110389
-2.082845 -1.228191 -0.517550
-1.524254 -2.180395 -1.638467
-2.035912 0.909839 -0.162725
-1.880598 1.431585 -0.931249
-1.289429 -1.106236 -0.463891
-1.959758 0.868996 -0.161520
2.380593 -0.629215 1.546227
-2.518598 1.279241 -0.316281
0.147068 -1.804708 -0.138076
-0.537619 2.341290 -1.104973
2.894272 -1.275542 0.393493
-2.327767 -0.793284 -0.122424
-0.612866 -2.651448 -1.497235
2.816823 -2.330927 -0.246160
2.193043 0.095171 1.846023
1.902432 -1.394444 1.024146
-1.452583 2.012881 -1.451877
-1.974674 -2.911840 -1.954699
1.011859 -0.725436 1.525051
2.576256 -0.975927 1.193990
0.340577 -2.884034 -0.770158
0.429676 -2.253790 -0.053663
-1.320125 -0.518144 -0.017183
1.616958 -0.042812 2.107105
-1.877738 -0.574262 -0.159962
-1.057925 0.185626 0.096488
-0.447381 0.570790 0.265553
0.045662 -2.940457 -0.986660
-1.545542 -0.215429 0.026569
-2.310979 2.780995 -1.544425
0.663720 0.114194 1.498823
-1.268217 1.065254 -0.506839
0.487429 -1.128817 0.880956
-2.073824 1.643948 -1.088793
-0.113159 1.637529 -0.120466
0.195537 0.127776 1.113742
-2.689059 2.856083 -1.416303
-0.980374 -2.246699 -1.501502
-2.193512 -2.898314 -1.861785
-2.619750 1.620949 -0.549315
2.939761 1.842933 -0.089888
-1.065877 -2.278757 -1.562685
1.859247 -1.406503 1.049395
-1.472156 -2.894686 -1.932860
1.089016 -1.240148 1.376189
1.561367 1.638851 0.945942
0.573832 0.107763 1.636666
-0.170543 -0.911426 0.303879
-0.528955 -0.769564 0.229359
-0.906790 -2.991878 -1.886080
2.577175 -1.201197 0.748474
1.983716 0.878752 1.480128
2.790161 2.845167 -0.492955
-2.254217 2.082365 -1.169962
1.385205 -2.858430 0.046951
2.630043 2.391364 -0.395273
-1.912602 1.699190 -1.089821
-2.601022 1.682257 -0.595685
1.446724 -0.252025 1.978276
0.446839 -0.611968 1.066256
2.050973 -1.182506 1.176489
-2.161366 -2.605831 -1.696912
1.771604 -1.630588 0.973779
-1.790236 -1.520378 -1.145236
-2.018064 -0.095538 0.077595
-2.014405 1.484666 -0.802880
1.887448 -0.157141 2.022923
0.991183 -2.652933 0.022997
0.138393 2.746739 -0.726844
-0.847017 2.656346 -1.713862
2.263203 1.711137 0.439031
-0.645329 2.947967 -1.622080
1.899597 0.266894 2.011188
-0.365191 2.776610 -1.151912
-0.738333 -2.546370 -1.430025
-0.223921 -0.805916 0.513330
-1.191733 -1.647712 -0.967888
1.485656 -1.825001 0.689290
0.016322 -2.155182 -0.548372
-1.606724 0.734482 -0.090270
2.397447 1.687931 0.466220
-0.696653 0.469790 0.411487
0.261317 -2.118224 -0.294342
2.438833 1.866743 0.487224
0.745428 0.815728 1.222943
-2.298612 -0.671006 0.095158
2.638993 1.044782 0.910119
0.766248 -1.440570 0.681769
-0.990566 -0.928847 -0.215725
-2.164368 2.504915 -1.532077
1.764151 -1.256973 1.205568
0.720437 -0.180070 1.493642
0.200767 2.340847 -0.505935
2.363355 1.246328 1.012086
1.731583 -2.626781 0.171548
-2.089951 -2.116182 -1.292027
-1.129668 -2.952950 -1.892472
-1.509065 0.785531 -0.105532
1.463678 -0.313959 1.967810
-2.798805 -2.194351 -0.954681
0.419338 2.747605 -0.677386
1.574752 0.177958 1.957933
2.260594 -1.548640 0.759890
-0.947510 0.003621 0.284060
1.927544 1.077722 1.456622
-2.336210 -2.542565 -1.664917
2.078714 -1.351777 1.108257
-2.235068 1.841793 -0.987905
-0.616276 -0.242011 0.545661
1.783772 0.279463 2.027360
-2.100495 -0.403104 0.132973
-1.624492 -2.736600 -1.911656
1.333515 -2.005501 0.589669
1.320219 -0.326750 2.040810
0.846886 -1.744887 0.442731
1.163691 -2.700126 -0.020799
0.256347 2.061898 -0.295306
-1.489206 2.887155 -1.926563
-0.925824 1.758857 -0.863049
-1.910414 2.122710 -1.526897
2.450703 -1.548137 0.420850
0.500351 2.763762 -0.490956
-0.594891 -1.818446 -0.714197
-0.227965 2.708579 -1.079938
2.683700 2.968916 -0.500251
-2.079892 1.270337 -0.605226
0.517379 2.886862 -0.601031
0.035332 0.417239 1.001066
0.668725 -1.442749 0.664256
-2.891339 -0.378025 0.900155
2.232743 0.561366 1.692377
2.592710 -2.561511 -0.372748
0.390799 0.734060 1.062250
1.179905 2.887067 -0.052507
2.534996 -1.859354 0.261554
1.243432 1.755571 0.874852
-2.084766 2.447393 -1.620724
0.457730 2.662210 -0.518530
0.640290 2.760814 -0.141903
-0.455216 0.128758 0.556997
1.418665 2.863847 0.103658
2.606202 1.543861 0.476286
2.553411 -2.029971 0.147952
-0.294964 -0.138599 0.730816
-2.320572 1.309987 -0.662944
2.909047 -1.515958 0.486793
2.033389 0.843691 1.688673
-2.252024 0.999603 -0.275883
2.525051 -2.023802 0.030320
2.219378 0.390512 1.756412
0.113028 1.629761 0.062527
0.547653 -0.006626 1.556230
-0.605984 -2.927381 -1.527558
-2.671430 -2.945769 -1.383295
-0.988817 -0.857824 -0.036560
1.817121 2.557164 0.192598
-2.972208 -1.627939 -0.330653
-0.999005 0.806182 -0.012418
-0.610988 -1.667545 -0.506213
0.224374 -1.069980 1.017843
2.519134 2.088253 -0.023986
-0.921924 1.373169 -0.576134
-0.918281 -2.427604 -1.758525
1.425007 -0.427788 1.954592
-0.286692 -2.824981 -1.287897
-1.652371 -0.114659 0.189104
-0.285363 0.974604 0.202529
-2.154858 -2.288984 -1.661170
-1.941678 -1.266690 -0.679694
-0.009793 -0.612980 0.610595
-0.486447 2.517186 -1.203689
2.489075 2.959530 -0.582792
-0.825637 -2.730532 -1.648831
0.483530 1.566048 0.261875
0.793586 -0.769656 1.398993
-2.921433 -0.645251 0.744902
0.981224 1.525590 0.912435
-1.931784 2.510559 -1.829316
2.766422 2.705572 -0.543128
-2.108024 0.462736 0.037505
-0.512255 -0.857273 0.211620
-2.487902 1.725295 -0.898690
2.981246 -1.493992 0.295647
0.013170 0.384444 0.669738
0.572310 -0.848529 1.139674
-2.597541 0.939786 0.023526
1.499763 -1.557607 1.074000
-1.740566 -1.850442 -1.259376
2.388326 2.509435 -0.263285
-1.769162 -2.389178 -1.808930
-1.855874 0.035747 0.059589
-2.780702 -1.674883 -0.464914
-0.167598 -2.766420 -1.155172
0.389047 -2.783887 -0.605479
-2.605748 -1.948669 -0.809895
1.653166 2.200622 0.355836
-0.280267 -1.305128 -0.022867
0.146342 2.702755 -0.542433
-0.355424 0.489734 0.392102
-0.595422 -0.380315 0.182506
0.357842 0.480533 1.315361
-2.068559 0.100190 0.048468
-1.908431 1.552658 -0.957227
2.170714 -1.305024 1.009922
2.676693 -0.881698 1.058195
-0.760144 2.364566 -1.242173
-1.375532 2.678739 -1.795566
0.863997 2.355349 0.140158
-0.547595 -0.483312 0.223203
-2.847682 1.682193 -0.515979
-2.063084 -0.141986 -0.175225
1.295833 -0.014761 1.881388
0.953544 -1.771919 0.711372
-2.837424 0.546782 0.606397
-1.668167 -1.883185 -1.324747
-1.613551 -1.010612 -0.469974
1.031356 2.130181 0.258443
-2.881737 -1.757545 -0.422131
-2.375349 -2.573050 -1.459533
1.799497 -2.585954 -0.037191
-1.928732 2.644707 -1.785729
0.916477 0.041523 1.885844
-1.570903 -0.543528 -0.185620
-2.403352 1.865271 -0.893155
-1.540967 2.014956 -1.147789
1.333602 -1.006854 1.496089
2.134179 1.161708 1.282557
1.981319 1.626737 0.787195
-0.616899 0.927904 0.039129
1.008511 -2.090430 0.395504
-1.770094 2.255299 -1.593009
-1.241114 0.234567 -0.075500
2.378015 -1.305165 0.974665
-2.921988 -0.448631 0.829418
-2.486949 -2.774573 -1.497414
-1.752682 -2.232799 -1.502003
-2.840807 1.593281 -0.342454
-1.911387 -2.999930 -1.857550
0.498249 -0.500605 1.383108
-0.471453 0.135061 0.441621
2.356030 -2.672193 -0.152765
1.904661 2.838469 -0.108796
-0.949096 -1.643248 -0.948566
-1.443459 -1.174808 -0.587250
-0.721846 -1.176345 -0.246745
0.541770 -1.617500 0.350043
-1.391618 -2.991157 -1.867298
0.744893 1.376069 0.928593
-0.543530 2.801073 -1.530215
0.312283 -1.654239 0.070128
-0.383241 0.978283 0.170029
-1.233205 1.451378 -0.869015
2.690720 2.090552 -0.049603
1.581635 -0.464225 1.857799
-2.159321 -1.182415 -0.653815
2.210808 -1.048229 1.262360
-0.075413 1.275728 0.184902
2.367313 1.900677 0.438637
1.799132 -1.910316 0.571190
-0.448719 -0.774354 0.448929
-2.865184 2.411641 -1.209273
-1.387936 1.840161 -1.118330
0.249805 2.909150 -0.748323
0.800869 1.525490 0.849211
-1.452674 -0.640829 -0.183451
-2.163864 0.543827 0.140460
2.009581 0.966086 1.435056
2.906413 -2.529265 -0.695157
0.154141 0.266982 1.260153
-1.969924 1.255925 -0.623054
-1.366156 -1.996072 -1.369550
-2.889656 1.683790 -0.238558
2.485793 0.502637 1.382913
-2.293494 2.713331 -1.600164
0.459099 -2.745466 -0.538412
-1.355669 -1.408043 -0.828131
0.325068 0.609323 1.146637
0.908522 -1.220641 0.981618
1.978451 1.286545 1.120608
-1.761472 1.554032 -0.830005
-2.934025 -2.384904 -0.844575
-2.178686 0.083127 0.169428
2.400112 0.053343 1.698271
2.243340 -0.784315 1.460687
0.584479 2.597549 -0.168200
0.603101 1.965038 0.163056
0.990220 1.183256 1.237243
-1.947772 1.285960 -0.534178
2.486472 -0.229703 1.505252
-0.487377 2.525967 -1.128843
-0.701169 1.167573 -0.405772
0.113506 1.373886 0.471867
-2.718204 2.170145 -1.012225
-2.002300 -1.355570 -0.719040
1.428202 1.842425 0.532548
-2.503208 -1.828556 -0.896294
0.618913 -0.927948 1.075647
-1.527905 -0.986337 -0.508097
-0.664226 2.871153 -1.593835
-1.267838 2.139223 -1.396986
-0.865964 1.207019 -0.385153
1.314275 1.362341 1.204996
-1.217270 0.372437 -0.116266
0.398428 2.682544 -0.596580
-0.143698 -0.022447 1.036417
0.982027 -0.716894 1.511955
2.620978 -2.021788 0.227176
1.395433 1.717234 0.814442
-1.710358 1.406664 -0.826652
-2.812901 -0.693870 0.553009
-1.426416 -2.848840 -1.819859
0.570468 2.033984 0.082142
-2.691445 -2.931492 -1.451933
-0.021803 1.222199 0.314187
0.581057 2.821543 -0.366516
-0.994537 -0.374032 0.181486
1.625473 -1.590160 0.979567
-2.360410 1.229226 -0.307264
-2.549173 1.902769 -0.720442
1.369133 0.278582 1.979312
-0.027052 2.802212 -0.938844
1.130414 -2.689988 -0.147050
-0.391036 0.028774 0.355367
-1.521588 1.310724 -0.702801
1.914614 2.175843 0.363192
1.796495 -1.924466 0.576817
1.168179 1.800021 0.717169
-1.367129 0.316242 -0.034961
0.541384 -0.620678 1.441585
-0.834157 -2.209710 -1.328443
-2.450508 2.191775 -1.293897
2.503881 -2.056361 0.227667
-2.179088 -1.141273 -0.425901
2.701424 -1.259727 0.784823
-0.323965 2.228484 -0.977358
-1.889202 1.036218 -0.505240
0.251406 1.780088 0.049415
2.237675 -1.497193 0.860576
1.393349 0.749245 1.764484
1.839367 0.430476 1.846054
0.952700 1.996982 0.217946
1.153659 2.436522 0.109409
2.095174 -2.927059 -0.032058
-1.501992 1.044120 -0.524708
-0.063450 -2.688985 -0.987356
-1.672743 0.293152 0.061168
2.926008 -1.274204 0.434985
2.664356 -1.159340 0.704990
-2.763439 -0.882249 0.250148
1.233451 0.727755 1.641889
2.551490 -0.995700 1.003737
-1.916548 1.396194 -0.784643
0.407671 -0.572836 1.285991
2.492930 -2.589881 -0.248436
-2.796324 1.702559 -0.439133
1.184522 -1.285450 1.389149
-1.215906 -0.403399 -0.052240
2.546377 1.112663 1.030796
2.826349 -1.005263 0.794992
2.665599 -2.660486 -0.512897
-0.154715 -0.756474 0.514672
2.172256 2.666691 -0.112703
2.067296 0.850406 1.574881
-1.085397 1.028875 -0.133798
1.973493 0.793693 1.549620
-2.777954 -1.806047 -0.630427
0.577619 -0.489997 1.422053
-1.619947 1.505639 -0.894101
-2.276599 -2.391763 -1.466541
-2.538281 -1.332883 -0.203288
1.177733 -1.342085 0.907823
-0.960750 -0.407886 -0.140353
1.348601 2.882212 -0.040721
-2.607862 -2.594985 -1.253311
-1.108258 0.112206 -0.057776
0.236948 -1.923812 -0.411755
1.744339 2.824059 0.092089
-1.087485 -2.320179 -1.542282
0.755348 -0.578394 1.413863
2.315866 1.427310 0.779481
0.695179 1.227327 0.880305
-1.602243 -0.463628 -0.094016
-2.853595 -0.920855 0.258476
2.220593 -0.614326 1.662775
-2.872384 -1.414342 -0.395615
2.248210 -1.768002 0.497581
0.173623 -0.101762 1.054973
2.634406 -1.388797 0.641082
1.792699 -1.275230 1.212957
2.987605 0.940536 0.822519
-0.895729 2.811224 -1.912521
1.603130 0.621823 1.816844
-0.588415 -2.538123 -1.322581
-0.120746 -2.546498 -0.762884
0.765033 2.708539 -0.263305
2.242063 -1.216255 1.162641
2.904501 -2.447598 -0.714207
1.609640 0.594268 1.588609
-0.493399 0.741893 0.348046
-0.471858 0.891029 0.173514
1.425494 -1.395588 1.281627
-1.567337 -2.909336 -2.110484
-2.337155 2.790092 -1.607307
-0.872267 -1.494642 -0.502826
-1.276566 1.056158 -0.422835
-1.222151 1.239779 -0.587173
-1.598353 0.660045 -0.208800
-2.747441 -1.122556 -0.107733
-2.892756 -1.373422 0.085376
2.926334 0.586010 0.985668
-0.433361 2.196574 -0.955203
-0.694040 2.680402 -1.691475
1.077884 -2.364565 0.050011
-1.690477 -2.071028 -1.328967
2.699767 2.668418 -0.497266
1.718070 1.419211 1.285507
-2.463534 2.297963 -1.299861
-0.494515 -1.784204 -0.870587
2.274710 0.525515 1.716588
2.668392 1.206838 0.752725
-0.195591 1.080671 0.346259
0.680468 -0.551090 1.483633
-1.997796 -2.907631 -2.037280
2.947012 0.497556 1.088536
-1.609970 -1.481391 -0.690324
2.656391 -0.298475 1.471472
0.897880 2.745486 -0.146315
0.646421 -0.605788 1.531921
0.076131 2.038810 -0.353990
-1.615981 -1.868756 -1.271597
-1.940832 1.034763 -0.530747
-1.677083 2.862042 -1.932152
-1.881370 -2.388641 -1.578288
1.677507 -2.950080 -0.071012
-0.899248 -0.398503 0.281233
-2.652944 -2.444247 -1.245153
2.814616 1.490306 0.312808
2.302715 2.487292 0.050183
2.566514 -0.395874 1.437881
2.969447 -1.447730 0.370004
-1.956629 -0.393580 -0.032119
-0.622548 1.340687 -0.361005
1.549431 -2.945675 0.068258
1.176124 0.536724 1.811601
-2.076625 0.679750 -0.296597
1.894999 0.826129 1.513508
-1.653357 -1.547868 -0.880726
-1.657094 1.284316 -0.726915
0.221847 -2.451651 -0.603625
0.557640 -1.804378 0.161864
0.480517 2.264820 -0.285371
-2.451079 1.432339 -0.701098
2.264765 -2.917527 -0.216417
-1.406400 -1.509742 -0.985345
-2.222910 -1.713561 -1.033742
2.332488 -1.375162 0.911246
2.733909 -1.514641 0.489006
2.172766 -2.624842 0.164113
1.857096 -0.246357 1.777914
0.931452 1.396401 1.091938
0.305144 0.640390 1.199603
-2.478079 1.037230 -0.185191
-0.549281 -2.513105 -1.310668
-0.763869 2.708944 -1.645342
-1.441477 2.030951 -1.417168
1.340521 1.830542 0.867682
-0.024746 1.937903 -0.323099
-2.513723 2.596263 -1.391518
-1.678901 0.265524 -0.072238
1.099553 -1.798308 0.517045
-2.543215 0.700702 0.180240
2.107241 1.457289 1.093456
-0.029121 1.427504 -0.039031
-0.116481 0.128694 0.770004
0.554447 -2.589248 -0.312197
1.948086 -0.773322 1.546795
-0.913145 2.524600 -1.686304
1.068097 0.506693 1.708279
0.394392 0.229992 1.221353
-1.397830 -1.386879 -0.899609
2.271780 -0.789306 1.538889
1.784556 2.372077 0.128256
0.950711 0.998778 1.195372
2.103490 1.724322 0.645516
2.203765 -0.273927 1.842186
1.250178 0.781483 1.639218
2.022080 -1.509698 0.914490
1.184829 1.232765 1.262501
1.080845 -0.434392 1.614911
0.711668 -0.344727 1.643736
1.516300 0.895934 1.661649
-2.048369 2.617684 -1.794914
2.285225 -2.615962 -0.008947
2.231061 1.948459 0.308331
-2.824516 -1.245701 0.120400
1.954901 -0.336483 1.886505
-2.226781 -2.868520 -1.789050
-0.989287 -1.193724 -0.469421
1.461050 0.015787 1.983133
-2.035441 -2.662944 -1.659571
1.907802 -0.053426 1.834654
1.992805 2.562664 -0.001033
0.044806 -2.367641 -0.566732
-2.961685 1.586644 -0.254340
-1.277771 -0.541974 -0.010629
0.701562 0.931042 1.412353
2.887117 -1.438580 0.343389
0.790881 -2.043046 0.324218
-1.441179 -2.037224 -1.556679
0.804034 -2.577048 -0.049198
0.239912 -1.886120 -0.052564
1.679072 0.985316 1.594047
-2.358116 2.290144 -1.429198
1.566167 1.884754 0.525056
0.247599 1.110806 0.739342
2.777952 -2.337409 -0.544360
-0.948767 -1.264875 -0.543261
0.795731 -1.141159 1.225035
2.592169 -1.500258 0.611865
-2.384942 0.090034 0.504294
2.623371 0.213323 1.575180
1.127314 -0.858684 1.491307
-2.592978 -0.877265 0.120482
-1.194219 1.971334 -1.324579
1.249033 1.735757 0.626248
-2.595896 -1.153225 -0.207512
0.493023 2.482731 -0.373475
-0.924702 2.716890 -1.913225
0.725493 -1.039545 1.174867
-2.725548 -0.873450 0.213132
2.229221 0.033805 1.623096
2.840934 2.646725 -0.543461
2.813267 2.257917 -0.240268
1.497911 -2.384592 0.293149
-2.219483 -0.643616 -0.029354
1.549579 0.320227 2.008083
-2.852479 0.018795 0.782742
-2.867259 -1.836822 -0.503064
-1.058339 2.152901 -1.503786
-0.068141 1.061645 0.447009
1.622445 2.027450 0.677267
1.099772 2.152586 0.281921
-0.324584 1.490135 -0.028547
-1.358240 -0.364736 -0.095840
2.982747 0.663281 0.949396
-0.442912 -2.037808 -0.946041
-0.291678 1.041873 0.239372
-2.018257 -1.924480 -1.422127
1.768857 1.163698 1.321793
1.162093 -1.622411 0.756833
-1.675382 -2.294692 -1.643311
-2.505714 -2.008293 -0.918113
1.082996 -2.988047 -0.040269
0.927067 1.312438 0.818191
-1.360443 1.394406 -0.598273
2.705181 0.089600 1.448206
-2.093653 -2.031823 -1.388914
-0.405991 -2.498674 -1.179566
2.661696 -2.885226 -0.488011
-0.481636 -2.005511 -0.951066
0.831156 2.345133 0.059260
-0.614434 -1.550779 -0.617227
-1.354709 -0.874372 -0.375701
2.903866 -2.367927 -0.548488
-0.543996 -1.665832 -0.755719
2.364595 0.115347 1.709080
-1.620272 0.646516 -0.142059
-1.721372 -1.527886 -0.894300
-2.813196 -2.653607 -1.123813
0.910001 -0.653803 1.615715
-0.788842 -1.594780 -0.786791
2.186149 -1.682676 0.788889
-0.160741 2.759177 -1.223567
2.809161 0.697803 1.002532
-1.886847 0.341271 -0.104560
2.211739 -0.505349 1.784543
1.659581 -0.426334 2.000828
1.625531 0.245430 2.017266
2.068699 1.178579 1.368017
1.566144 1.212877 1.262387
0.757322 -1.969837 0.333303
-2.212531 0.000677 0.186424
-2.804843 -0.528251 0.617957
2.525087 2.223162 -0.040403
0.699902 0.788514 1.310549
1.779224 0.195024 2.013491
-0.110866 -2.307632 -0.694970
-2.296151 0.633827 -0.009332
-2.248885 -2.296777 -1.448749
1.113392 -0.976761 1.351068
-0.418165 -2.142948 -1.197332
-1.796852 1.152442 -0.548255
-0.050433 -1.762487 -0.180040
-2.614746 -0.648844 0.320180
0.491828 2.374049 -0.442336
-1.386040 -1.774102 -1.219974
1.785355 0.046830 1.754139
-1.137828 -0.484370 0.114214
-0.268679 -2.891256 -1.342893
-2.930277 1.756549 -0.268892
-2.565319 -2.585725 -1.299759
-0.645039 -0.154470 0.296805
-0.120367 0.364070 0.701100
0.600123 0.770559 1.317303
-1.250025 1.131790 -0.608384
1.169891 -1.480366 1.021264
2.160734 -2.940127 -0.197082
1.679106 1.340662 1.044133
-2.762287 0.213940 0.383880
-0.116958 2.016706 -0.525302
-2.370419 1.928330 -1.103098
-1.547730 2.059957 -1.524928
2.919976 -0.089432 1.285397
-2.145027 -0.998230 -0.180475
-0.006671 1.749349 -0.211531
0.708934 -0.292235 1.574568
1.214790 -1.899347 0.664639
0.357892 2.129844 -0.315772
-2.941375 2.295359 -0.839376
-1.041232 -0.202141 0.171800
0.106270 -2.545802 -0.653612
-2.472801 -0.673043 -0.031786
-0.896238 1.821226 -1.104939
-2.800781 2.410644 -1.166620
-2.528529 -1.779164 -0.772250
-0.618460 -2.598158 -1.387645
-2.203705 2.264103 -1.295723
0.405245 -0.663570 1.132546
1.136790 0.250566 1.826303
1.803520 2.808395 0.143008
-1.799099 -2.600612 -1.801598
-1.995105 0.889908 -0.155075
-2.372593 -2.555367 -1.499579
0.818581 -0.747186 1.348070
1.238854 1.822887 0.562669
-2.810483 -0.399167 0.441142
2.617273 2.983094 -0.420636
-2.688172 0.354356 0.618687
0.247778 -1.073027 0.907653
1.254363 -1.679332 0.926339
2.225815 -0.896877 1.533374
1.284522 -0.764800 1.622821
1.810368 -2.587718 0.005305
-0.963299 -0.782555 -0.026957
1.888951 -0.214569 1.968651
-2.519311 1.336427 -0.339916
2.368900 0.940377 1.326287
0.285554 1.252594 0.626868
1.903787 -2.949818 0.091783
-0.286090 -1.693996 -0.275593
0.861466 0.970106 1.378433
0.158416 -0.096064 1.237724
1.389537 -2.968119 0.050033
-2.510220 1.826968 -0.889749
-2.637887 1.636857 -0.473030
-1.517381 0.290515 -0.179927
-2.042732 -2.601220 -1.642818
2.230701 1.599090 0.642308
-1.684716 0.502282 -0.088451
2.855192 1.691760 0.077318
-0.978625 1.510482 -0.714114
-1.907293 1.818012 -1.192016
1.738191 0.108048 1.820715
0.952247 -2.158053 0.302711
-0.010826 1.026945 0.448818
0.332181 0.722843 1.164149
1.315211 1.453519 1.084657
-1.629272 -1.980714 -1.357283
2.978003 -1.830149 -0.189351
2.848759 2.342457 -0.467593
0.901954 1.499867 0.809546
-1.802745 2.449371 -1.657380
1.081369 1.552292 1.068843
-2.566810 0.582932 0.210682
-2.816085 0.924796 0.389892
-1.453903 2.334768 -1.901938
-0.224262 0.472841 0.548472
2.209635 0.794348 1.407661
1.363014 -2.061140 0.372311
1.456239 -0.156473 1.822870
-0.447040 1.298383 -0.121942
-0.924390 -1.374344 -0.624469
-0.773767 -1.786475 -0.874905
2.925897 -1.117039 0.721420
-2.759345 -1.550996 -0.326646
2.202189 -1.710524 0.733709
0.472052 -0.450895 1.347819
-0.368307 2.447031 -1.247071
1.351546 0.042358 2.080945
-0.079986 -1.872478 -0.435938
2.240539 -2.538170 -0.132977
2.404211 1.176937 1.038315
-0.469674 -0.703207 0.218895
-1.339033 1.930986 -1.367457
0.554102 0.957065 1.136507
2.474180 1.777449 0.448605
-1.736027 -1.368324 -0.875071
0.737800 1.154154 1.028583
0.789361 -1.415628 0.971883
1.398678 2.634411 0.160747
-2.210594 0.818246 0.088793
1.294950 -1.052929 1.575236
2.454195 -1.382929 0.935722
-1.921901 -1.854440 -1.357636
-1.574740 1.167846 -0.531472
2.828371 -1.687706 0.186171
-1.914138 0.571820 -0.155815
2.126311 -1.412190 1.024373
-0.046333 0.971814 0.612007
-1.516614 1.889638 -1.261916
2.224499 1.668151 0.608788
-0.328168 1.565108 -0.242376
0.088904 -1.873666 -0.273232
-0.844600 -2.469690 -1.508676
0.557705 1.193693 0.867134
-2.018857 -0.789917 -0.219271
-0.653511 -0.405923 0.387385
2.816474 -2.813105 -0.731130
-1.451199 -1.442541 -0.670434
0.940420 -2.797942 -0.315834
-1.048860 2.275115 -1.574137
1.640839 -1.539620 1.065741
-2.214758 0.344023 0.200113
2.818926 -2.766124 -0.623287
-0.277263 1.001084 0.259927
-1.583697 -1.061836 -0.471592
-2.559020 2.387515 -1.302185
-1.981453 2.328709 -1.464948
0.118644 -1.048256 0.701383
-0.977981 2.405765 -1.483364
1.973300 2.976946 -0.163009
-0.414675 1.952494 -0.783328
-1.507714 2.069228 -1.506106
0.702870 -1.505948 0.610653
1.240663 0.460214 1.877973
-1.997749 -2.596465 -1.819057
-1.994285 -2.430492 -1.603765
-2.779971 2.993356 -1.449843
1.418412 -1.040165 1.666394
0.982827 1.489103 0.824038
-0.152215 1.839990 -0.395652
2.065023 2.148140 0.413722
1.834021 2.985770 -0.079392
0.512126 -1.551021 0.595053
2.209628 -2.757895 -0.247412
-1.764953 -0.532851 0.025363
-2.328482 -2.219516 -1.329180
-1.381502 -2.865445 -2.003891
-2.657479 -0.837439 0.174025
0.187017 1.702430 0.135567
2.619634 0.397084 1.362326
-2.763939 -1.123332 -0.010996
-2.267341 0.926052 -0.188223
-0.286806 -1.607891 -0.437672
2.603250 -2.913711 -0.279379
-1.103063 1.586120 -0.964556
0.043409 0.742459 0.863365
-2.750563 1.573816 -0.363213
-2.109941 -2.766372 -1.887028
2.919781 2.022718 -0.217293
2.790712 0.717157 1.175802
-2.970360 0.380372 0.739303
2.710871 0.747684 1.270104
0.834720 2.186599 0.265646
2.207510 0.521619 1.762959
-0.271561 0.485702 0.570146
0.093576 2.944075 -0.995101
-0.066921 1.540381 -0.097819
1.001186 -0.346237 1.802391
-2.162092 1.244382 -0.454991
-2.820158 -0.664617 0.254068
-1.152420 -1.626747 -0.970483
1.228085 0.581111 1.793509
-1.788879 2.569093 -1.844618
1.040595 2.574837 0.148185
2.819472 -0.948568 0.941604
-2.436596 0.166065 0.469231
1.035613 -1.730185 0.679865
-0.337499 2.973787 -1.223334
2.208854 2.886707 -0.000931
-1.937101 0.897054 -0.178573
1.155756 1.826484 0.552975
2.028692 1.290601 1.148161
2.667685 0.558949 1.269663
1.099488 -2.679912 0.044595
-0.016951 -0.271414 1.015078
0.707083 1.048718 1.064413
2.213430 1.065190 1.291642
0.423658 -0.761264 0.933070
-2.817678 2.650152 -1.055740
2.585692 -1.995858 0.064094
1.137161 0.002157 1.913028
1.059080 1.145304 1.253710
-1.705949 1.182815 -0.497957
0.953313 0.891834 1.159573
-0.636814 -1.348271 -0.375604
0.907398 -2.062761 0.304964
-2.360442 0.815642 -0.064060
0.947072 0.595813 1.812024
2.996482 -1.923864 -0.289909
-2.710728 1.230835 -0.007026
2.863045 -0.268968 1.274630
-0.558552 1.006564 0.130961
2.224521 2.024202 0.289075
1.694313 -1.981629 0.519711
0.402098 -2.885131 -0.466337
1.430695 1.674616 0.929101
2.271093 0.658185 1.401261
-0.575158 1.197837 -0.233525
-1.037801 2.028930 -1.264926
1.005560 1.816866 0.684645
1.847076 2.765521 -0.035961
1.573711 0.215610 1.685416
1.786882 -0.069026 2.026685
-0.386500 -0.588677 0.332695
1.907005 -2.077854 0.256671
-2.278746 0.435643 -0.136331
0.266935 -1.337925 0.575946
-2.965448 2.527845 -0.979869
-1.052485 0.499145 -0.013230
-0.801231 0.557041 0.269513
-0.622964 -0.870452 0.124769
1.172803 -2.688064 0.184564
-0.668651 -2.809537 -1.704576
-0.307838 -0.459989 0.589603
-1.574735 -2.492608 -1.958361
-0.760489 0.641082 0.089235
-1.636382 2.285838 -1.678361
-2.560824 2.297489 -1.150406
0.620692 0.954272 1.164357
1.009277 -1.732609 0.747680
0.716942 2.177981 0.156869
-0.219036 2.316561 -0.680329
-0.721285 -1.820078 -0.938588
2.180002 1.424557 0.871720
0.114491 -1.280883 0.424719
-0.124909 1.815842 -0.447413
-2.846148 2.983427 -1.130487
-0.952513 -2.819844 -1.791880
-0.718826 2.384195 -1.441686
-0.607063 0.735783 0.123716
0.481034 2.840296 -0.420414
0.201615 -0.209943 1.162520
0.647431 2.084328 0.047716
1.589300 -2.625636 0.296543
1.877914 -0.988326 1.417681
1.308738 -2.597901 0.113611
2.733142 2.852059 -0.495959
-2.890605 1.901843 -0.736528
-1.825332 2.115285 -1.437735
-2.954623 2.627791 -1.162276
0.884848 -2.489379 0.061355
2.388183 -0.686414 1.361388
-1.539106 -2.573791 -1.773306
2.562207 -1.735241 0.494388
-2.638396 -1.623805 -0.449069
2.606616 -0.185357 1.517823
-0.890264 -1.388627 -0.619204
-2.391475 -2.394131 -1.472784
-0.084769 -1.995053 -0.349208
-1.459341 -2.116347 -1.582633
-1.290763 2.838461 -2.019159
-1.156260 1.555755 -0.833726
1.818155 2.806569 -0.054454
0.234968 -0.361557 1.073152
-1.132154 -1.329789 -0.811009
0.662003 1.789759 0.349189
1.296904 -1.042476 1.458537
-1.364256 -1.203700 -0.595530
-0.518705 -1.604964 -0.434787
-2.268683 -2.221926 -1.319597
-1.913104 -1.461222 -0.851714
1.086707 -0.868082 1.511571
-1.911370 1.043965 -0.388751
0.150980 -2.624611 -0.591651
1.254278 -1.736958 0.797558
-2.358738 1.854142 -1.031788
0.403873 -2.118468 -0.227005
-1.460623 -0.944129 -0.552009
2.777561 2.187954 -0.156048
-0.098726 -2.070448 -0.519888
1.835955 -2.503579 0.219507
0.301359 -0.092772 1.279652
-2.739525 -1.185483 0.125221
0.798908 0.380450 1.596681
2.708420 1.822829 0.265906
0.609671 -2.177109 -0.001118
1.915133 0.484195 1.765515
2.305239 0.033053 1.800911
-1.631521 -2.135527 -1.492382
-1.727731 0.743991 -0.216242
0.665886 -1.358157 0.836924
-0.533829 -0.072994 0.484714
2.039168 -2.506366 0.326205
2.400139 -0.242496 1.764528
-0.879472 -1.161219 -0.299898
-1.578777 1.934287 -1.344327
1.683153 -2.658128 0.209021
-1.351164 -0.488356 -0.041073
1.935686 -0.249411 1.905842
-0.457570 1.350036 -0.253155
1.005299 0.445725 1.738529
-2.426788 1.003274 -0.434968
0.743156 1.662296 0.606303
-0.289394 2.173218 -0.900858
0.519651 -1.116747 1.094452
-1.991915 0.228136 0.063392
1.421242 2.040648 0.417187
2.176782 2.936707 -0.162131
-1.699561 2.337116 -1.789822
-2.425713 -0.771196 0.108136
-2.858168 -1.829001 -0.505895
0.851829 -0.063645 1.846246
0.642564 1.449849 0.640815
0.280184 -0.044586 1.278940
-1.608317 -0.100915 -0.140886
-0.654564 2.029383 -0.981345
0.566858 -0.831577 1.262582
-0.019399 2.158768 -0.524492
2.926713 -0.559171 1.061087
-2.181361 -1.030601 -0.263544
1.170867 -0.276061 2.043659
-0.574087 1.574682 -0.575464
-0.430802 -2.243988 -1.027220
1.305587 -1.821485 0.608354
1.154617 2.708669 -0.079929
2.947536 -1.947050 -0.164817
-2.229634 0.406364 0.238253
-2.375342 0.475887 0.169820
1.346033 -0.062253 1.949318
0.470322 0.868471 1.058478
-1.355036 -1.621040 -1.080512
-2.523484 0.315974 0.400496
-2.486051 -0.766960 -0.039292
2.365145 0.970004 1.394140
-1.848796 -2.152659 -1.577729
-1.059771 0.425265 0.110877
-1.640062 -1.888378 -1.436872
-0.870022 -1.328142 -0.457179
-2.583457 -1.687741 -0.579090
0.114359 -1.902973 -0.173572
-2.594325 1.954266 -0.993939
1.802139 -1.285755 1.279512
-1.597728 2.562743 -1.955035
0.240071 2.819559 -0.736098
2.280475 0.427563 1.771492
0.905264 -2.141993 0.325619
0.197747 -0.752711 0.927817
-1.053997 1.786394 -1.180817
-1.001989 -0.795656 -0.078168
1.016922 -2.477897 0.064710
2.964836 0.340709 0.886324
0.971035 2.070725 0.424370
0.346701 1.775558 0.134039
1.383903 -1.949261 0.733337
-0.208766 1.036588 0.192380
-2.639146 -1.676974 -0.905220
0.373781 -1.690755 0.273375
2.745752 2.244431 -0.209090
-1.948182 -1.501986 -1.029942
1.140029 -1.420516 0.960511
-1.794398 -2.996080 -1.689015
0.214966 2.224014 -0.424992
-2.419941 1.755569 -0.771252
-0.297774 0.763974 0.363634
1.536980 1.501595 0.859545
-0.914571 -2.087709 -1.303525
0.989470 -0.250058 1.778073
1.772700 -0.892684 1.567023
2.563067 -2.437341 -0.226770
-1.592148 -0.083217 0.023194
-0.604105 2.524438 -1.398565
-2.085504 -2.759645 -1.924778
2.954901 -1.251235 0.548378
2.562006 -1.754754 0.169819
0.239743 -1.571120 0.032093
2.052200 2.450607 0.189646
0.125748 -0.191586 1.157822
0.741514 -0.202204 1.649292
-2.465253 1.563454 -0.758145
1.531623 -2.073047 0.447042
-2.233719 -0.076408 0.182611
1.956406 -0.420089 1.680033
1.692169 0.581464 1.754400
1.252468 2.997346 0.025379
-2.783038 1.616693 -0.254072
-1.181230 -0.612806 -0.148980
-1.421325 1.965318 -1.297568
-0.839182 -1.975750 -1.329479
-2.474144 -2.817218 -1.500890
2.621747 -1.773310 0.215219
0.322813 -0.957531 0.923512
-1.166854 0.063485 0.053692
-0.618111 0.690775 0.323297
-0.316785 2.463634 -1.177811
0.603566 0.059124 1.628595
0.094077 0.007654 1.065958
2.516352 -2.698542 -0.333986
-0.018219 -2.790531 -0.975612
2.952948 0.306960 1.056217
2.108550 -0.370928 1.789443
-1.748937 2.035082 -1.438224
2.583571 -2.035922 0.105097
-2.301802 -2.850170 -1.693889
1.904698 -0.305767 1.978186
-0.716260 -1.575129 -0.568550
2.267846 -2.702314 -0.243381
2.208340 1.347590 1.111795
1.835552 -2.330442 0.157858
1.740183 0.649917 1.840608
-1.171925 -1.313701 -0.605254
-2.514484 -1.959024 -1.156486
-0.582119 -0.721491 0.210325
-1.958853 1.808675 -1.208137
1.169707 -0.647439 1.642391
-0.923402 1.504618 -0.596442
2.853661 -2.247082 -0.407299
0.845832 1.636629 0.602101
1.934883 -1.578400 0.934415
-2.204852 1.064359 -0.252007
2.172087 0.394689 1.733557
2.536543 2.574868 -0.158224
-0.077628 -0.676065 0.755588
0.637518 -2.603009 -0.481055
1.588859 -2.885067 -0.020387
-1.950968 1.961151 -1.365302
0.015396 0.148414 1.052339
-0.608022 1.651464 -0.914307
-2.121756 -1.593446 -0.619770
-0.794793 -0.929498 -0.062380
-2.590966 -2.819377 -1.456870
-2.845129 2.768954 -1.105354
-2.189002 1.007207 -0.046331
2.778691 2.599231 -0.414428
0.297177 -1.407022 0.550747
2.794933 0.668782 1.137405
-0.405013 1.071000 0.071064
-1.129103 -1.094702 -0.493297
0.036851 2.088655 -0.540789
-0.362930 2.682969 -1.320379
-2.366012 2.309131 -1.508243
0.844958 1.434402 0.876328
-1.703771 -1.335212 -0.926227
0.717528 -1.310304 0.934172
0.901207 2.780162 -0.154949
-2.087851 -2.938293 -1.833991
-2.631902 1.296300 -0.269058
1.684570 1.237477 1.628402
-0.241197 0.736137 0.638214
-2.651017 2.940653 -1.575467
2.969198 -1.128723 0.622643
-2.653317 -0.960169 0.043477
1.170211 -2.526364 0.002744
2.902074 -0.343211 1.044907
-1.564919 -1.433709 -0.820103
-2.146504 -0.939680 -0.316899
-2.271690 2.007431 -1.090375
-1.180349 2.612907 -1.688832
-2.393725 -1.885602 -0.852317
1.152968 -0.764946 1.550153
-2.626249 2.571783 -1.287301
0.056533 -2.629149 -0.751801
2.980181 -2.445837 -0.654276
1.883822 -2.023254 0.437052
0.691317 0.571277 1.639715
-1.162478 -2.097166 -1.397438
0.743375 2.808458 -0.204649
0.162249 -0.319713 1.028656
-0.443500 0.009108 0.448927
-2.215738 -1.520048 -0.805354
2.319625 -0.174238 1.704943
-0.301292 0.971482 0.160900
-1.832265 1.507063 -0.903306
-0.793444 1.523208 -0.834054
-0.515221 0.467347 0.288034
1.965227 2.426159 0.235498
1.401686 1.904447 0.718619
1.615829 1.542289 0.988302
-2.933812 -2.666367 -1.197254
-0.503076 -2.958732 -1.568191
-0.111935 -1.725316 -0.302934
-2.884846 0.981142 0.366591
-1.441121 -0.532815 -0.037399
1.561739 -0.585562 1.783707
-2.177342 2.307521 -1.608837
0.211861 2.373377 -0.482088
-1.708789 2.455052 -1.846291
-2.927275 -1.116732 0.174116
-1.552791 1.146335 -0.455480
2.855243 -1.370201 0.564417
1.809223 -1.856341 0.705828
2.757460 -1.892205 -0.068340
-0.072876 -0.947354 0.532162
-2.341583 -0.420254 0.301888
0.287757 1.985695 -0.156858
-0.273736 -2.280653 -0.786944
2.066142 1.409555 1.169622
-2.411505 0.188729 0.481681
-0.070553 -1.272328 0.254086
-2.099708 -0.043082 0.194455
-1.051944 -1.200348 -0.364937
1.424142 0.576492 1.872385
-0.143891 -0.396936 0.728731
-0.744670 -2.013567 -1.151028
-0.633142 -2.300502 -1.234475
-0.243319 0.280174 0.591026
1.710099 2.414478 0.228892
2.352508 -0.936254 1.412172
2.732008 1.398001 0.351040
1.721420 0.951968 1.722207
-1.107559 2.589329 -1.633712
1.128808 1.925886 0.510252
-0.374381 0.399632 0.609847
-1.471976 0.942183 -0.406783
2.045229 2.390319 0.281731
-2.769442 -0.602887 0.558350
2.410572 -1.039232 1.034505
-0.231135 -2.935133 -1.149119
0.823209 1.959306 0.333958
0.956124 1.805884 0.592317
2.370706 -2.373273 -0.095125
0.820018 0.461144 1.801516
0.683602 -0.216110 1.712335
-2.600088 -2.287745 -1.246491
0.110448 2.883409 -0.990093
-2.098986 -1.711825 -1.042849
1.424603 -2.596595 0.177655
0.073332 0.569084 0.939681
1.081367 1.433200 1.145077
-2.749963 -2.805339 -1.246701
-2.491248 0.952306 0.071302
1.297940 0.193751 1.976980
-2.567494 -2.380410 -1.406029
-2.572460 -1.964857 -0.942413
-2.927349 0.407846 0.811378
2.739008 -1.221854 0.728549
1.425050 2.629894 0.167793
-0.880492 1.912441 -1.137964
-1.220787 2.901403 -2.013643
-0.901781 -1.441975 -0.668302
1.647921 2.818342 0.079724
0.968224 -0.412597 1.674394
-1.888827 -0.914887 -0.363544
-1.955344 -2.697903 -1.924088
-2.409626 -2.683408 -1.453266
0.961816 1.152068 1.197386
1.586236 -0.252426 2.113466
-1.409721 -1.640870 -0.904197
-2.874330 0.683822 0.502967
-2.506970 -1.482851 -0.605887
2.807160 0.465791 1.013110
-1.227331 -0.844748 -0.424877
1.615339 1.941313 0.499527
0.747981 1.924177 0.471936
-0.708362 -0.135898 0.351772
-1.765876 -0.895085 -0.316619
-2.271681 -0.824641 -0.307493
0.690078 1.834287 0.256348
1.647803 -1.030923 1.599772
0.863426 -1.745644 0.614793
0.181813 -2.491870 -0.630159
-2.748293 -0.199841 0.653344
2.810933 -0.107207 1.482506
1.792285 2.045452 0.496435
-1.243068 -1.672568 -1.041435
2.879822 -0.714052 1.033765
0.611290 1.850434 0.537127
0.494536 1.941742 -0.097809
1.488439 -0.692334 1.834691
1.870619 -0.245256 1.913984
0.938872 -1.180285 1.244231
-2.231426 2.595329 -1.709815
-0.970395 -2.288137 -1.487389
2.568502 2.602497 -0.244800
-1.652306 1.103199 -0.234646
-0.766998 0.189433 0.368938
-0.407539 -2.804046 -1.424727
-0.363570 -0.146423 0.591310
0.677637 -0.553511 1.432297
2.658455 -2.032687 -0.160646
-1.555844 0.938458 -0.441864
-2.270992 2.826905 -1.642327
-1.815177 0.373133 -0.166521
2.321549 1.288520 1.114567
0.874865 -2.589297 -0.035088
-1.284559 -0.493998 -0.152292
1.895682 -2.301849 0.265881
2.168220 0.676775 1.766216
2.079086 2.630893 0.074530
2.513559 0.970666 1.153183
-1.486554 -2.539182 -1.844194
1.530252 -0.872003 1.650134
-0.236763 0.303980 0.668419
2.051991 -0.580753 1.512017
1.370944 2.001864 0.766473
1.658685 1.888026 0.699737
0.936971 0.670986 1.628792
-1.935427 -0.759252 -0.214695
0.270162 -1.467982 0.296009
2.908018 -2.364754 -0.500270
2.624328 -0.870614 0.978922
-2.740958 -0.520965 0.705045
-2.011111 1.054938 -0.534787
-2.209627 0.948959 -0.323460
1.355879 -2.579351 0.086906
1.906712 -0.628444 1.881860
-1.718932 -1.909327 -1.319698
0.035116 -2.059124 -0.557654
2.044218 1.963813 0.632470
1.396809 -2.748509 0.134270
0.253423 -0.484903 1.189283
0.542086 -1.990778 0.179754
0.050163 2.275981 -0.358596
-1.214709 0.342243 0.223246
0.390132 -1.611716 0.270730
1.133312 0.014564 2.068103
2.239937 1.388918 1.003549
0.817748 2.748708 -0.144291
1.566729 -1.677324 0.724438
-2.039570 2.317091 -1.588084
-0.230655 2.605825 -1.169775
-2.944010 2.498523 -0.913752
-1.519927 0.812486 -0.203903
1.358770 0.778924 1.481828
2.950860 -0.580736 1.023434
-2.404931 1.514387 -0.503253
-0.591034 0.187764 0.406536
1.800426 1.064628 1.531486
-1.775786 -0.429253 -0.034669
0.330510 1.388979 0.539509
1.398428 1.946829 0.590816
0.695913 -2.121382 -0.003759
-1.871852 1.997578 -1.481121
-0.867693 0.241779 0.279010
1.702751 2.067995 0.516287
0.325359 -0.412190 1.222044
-2.968622 -0.725757 0.533499
1.565945 2.490364 0.174129
-2.788132 -1.492984 -0.163722
1.474403 2.065274 0.487261
-1.785117 -0.095877 -0.115820
2.748441 0.084573 1.453893
-0.792355 -1.149190 -0.323271
-1.038410 0.438253 0.047035
-2.106672 -1.048733 -0.200394
-1.166375 -2.764384 -1.851082
2.259905 -1.368008 1.002133
2.978006 -2.961726 -0.938902
-0.790143 2.870129 -1.695800
-0.308336 2.794483 -1.182881
1.332426 -0.629068 1.624763
2.317175 1.370225 0.953466
0.558266 -0.925163 1.141499
-0.650846 1.026559 -0.083965
-0.524269 1.832580 -0.655669
1.173709 2.680537 0.060052
-2.980690 -0.598726 0.813652
0.717536 1.699788 0.429537
-0.867042 -1.404429 -0.583225
1.765184 2.941994 0.009467
-2.442056 -2.845382 -1.707238
0.529214 0.621173 1.413681
-0.114163 0.957036 0.694498
0.853953 1.128273 1.180404
-2.610878 -2.277675 -1.105110
0.479903 2.631179 -0.402398
0.368908 -1.912900 -0.046232
0.363961 0.736520 0.914712
0.620926 -1.663944 0.418199
1.058808 -1.156701 1.134938
1.829934 0.278751 2.098421
-1.381076 -0.496839 -0.114475
1.950296 -2.038646 0.443290
-0.010466 -1.974382 -0.314268
-2.537650 -0.491131 0.201733
-2.648694 1.543698 -0.522772
-0.994570 2.387788 -1.560808
1.709382 -2.495234 0.295007
1.246086 -0.641377 1.799184
1.731690 -2.398527 0.275519
0.103614 -2.900445 -0.859824
-0.358806 0.970312 0.253909
-2.115285 0.614697 -0.018279
-1.030843 -2.021885 -1.396676
-0.395884 -1.597123 -0.407339
-2.468397 -2.857753 -1.690844
-1.676328 2.009683 -1.411261
0.589352 2.848144 -0.449494
1.413979 -2.187243 0.663528
2.990085 -1.611149 0.106598
2.598680 2.210457 -0.220715
0.855391 2.558783 -0.093510
-0.472512 -0.482236 0.482772
0.817064 -2.696265 -0.005993
1.713910 -2.763649 0.001406
-2.289983 0.443699 -0.007415
-0.540571 -0.642629 0.367581
2.038814 -2.828085 -0.196853
-0.697002 0.499514 0.192278
0.431234 -2.932185 -0.585924
0.526616 1.724232 0.342813
-1.893142 -1.161403 -0.481526
-0.826587 -2.758452 -1.731483
-0.992932 0.530113 -0.002254
-2.842820 -0.613894 0.521637
-2.854849 2.842802 -1.223563
1.990182 0.265192 1.888164
-1.361575 -1.348565 -0.714186
0.108473 1.256633 0.501665
-1.207647 -1.371048 -0.697097
2.644075 2.425460 -0.231746
-1.444219 -0.751668 -0.419671
-0.422059 0.299211 0.550952
2.236382 -2.696561 -0.068091
2.051601 -0.443273 1.862870
-1.883391 1.994181 -1.431623
1.815860 1.833893 0.644146
-0.250879 -1.654089 -0.388861
-0.102187 -1.643526 -0.121033
-2.199120 1.903832 -1.032539
-2.516391 2.582391 -1.473686
1.367636 -2.427834 0.314323
-0.021233 -0.299648 0.946557
-0.378896 -0.975274 0.178618
1.377049 2.224131 0.352314
1.593077 -2.498851 0.273958
-2.046551 -1.733244 -1.018124
0.661351 1.514810 0.897723
-2.187876 -2.692237 -1.801522
1.508251 -0.044788 2.048852
0.941731 -0.347358 1.695933
2.739688 -0.993593 0.849926
-2.586252 -0.632566 0.278193
-2.657672 0.179644 0.532389
-1.306878 -2.031796 -1.118401
